<?xml version="1.0"?>
<opencv_storage>
<calibration_Time>"04/29/13 16:17:55"</calibration_Time>
<nrOfFrames>33</nrOfFrames>
<image_Width>640</image_Width>
<image_Height>480</image_Height>
<board_Width>4</board_Width>
<board_Height>11</board_Height>
<square_Size>26.</square_Size>
<!-- flags:  +fix_principal_point +zero_tangent_dist -->
<flagValue>12</flagValue>
<Camera_Matrix type_id="opencv-matrix">
  <rows>3</rows>
  <cols>3</cols>
  <dt>d</dt>
  <data>
    6.7931325124245552e+002 0. 3.1950000000000000e+002 0.
    6.7950020346408371e+002 2.3950000000000000e+002 0. 0. 1.</data></Camera_Matrix>
<Distortion_Coefficients type_id="opencv-matrix">
  <rows>5</rows>
  <cols>1</cols>
  <dt>d</dt>
  <data>
    -7.1970643009110088e-002 2.0218515135531748e-002 0. 0.
    -9.0480764241195902e-002</data></Distortion_Coefficients>
<Avg_Reprojection_Error>8.4756200155970587e-002</Avg_Reprojection_Error>
<Per_View_Reprojection_Errors type_id="opencv-matrix">
  <rows>33</rows>
  <cols>1</cols>
  <dt>f</dt>
  <data>
    6.87068775e-002 4.77335863e-002 4.94723767e-002 4.95944992e-002
    5.14037460e-002 5.60616143e-002 1.08734071e-001 8.15501958e-002
    1.17154017e-001 8.03195760e-002 6.94353729e-002 5.70764802e-002
    5.61928861e-002 6.16545342e-002 7.11136311e-002 1.32374510e-001
    1.32014379e-001 7.66288489e-002 9.87977684e-002 9.38667580e-002
    5.93873300e-002 1.04360536e-001 6.46925792e-002 7.23091140e-002
    1.16489232e-001 6.25900477e-002 1.20480739e-001 6.67764693e-002
    6.28807321e-002 1.18913002e-001 7.80851468e-002 9.47327092e-002
    8.81393179e-002</data></Per_View_Reprojection_Errors>
<!-- a set of 6-tuples (rotation vector + translation vector) for each view -->
<Extrinsic_Parameters type_id="opencv-matrix">
  <rows>33</rows>
  <cols>6</cols>
  <dt>d</dt>
  <data>
    6.3101322366232379e-002 1.3793451977135213e-001
    1.5416960702743345e+000 2.7735555289851465e+002
    -1.9794932158013944e+002 1.1523966521247714e+003
    1.0185767898934382e-001 1.2037137654639027e-001
    1.5290349569707140e+000 3.3978351121899789e+002
    -2.2944618048225590e+002 1.1144818095963583e+003
    9.2287125887913629e-002 1.0697843861689475e-001
    1.5345335871876973e+000 2.5834942533430683e+002
    -2.2508258757790304e+002 1.1126055071025562e+003
    1.1944663233562826e-001 1.1390371023077416e-001
    1.5690919458434041e+000 1.7918237845716075e+002
    -1.8282453426855272e+002 1.1099892652635658e+003
    6.3573443200465013e-002 9.3785845238552837e-002
    1.5224547189538189e+000 1.4682151482308524e+002
    -2.1903163036544464e+002 1.1320312999304190e+003
    7.1578351119526901e-002 1.2112305733354946e-001
    1.5817346791781164e+000 1.2012647592062983e+002
    -1.6866031567739324e+002 1.0496645235305418e+003
    -2.7238534143100535e-001 4.9522036786537593e-001
    1.5492587582632467e+000 8.5337099535621363e+001
    -8.8617362150276520e+001 8.4026326897788715e+002
    2.2077583759594355e-001 3.2030831260684234e-001
    1.5843568459889663e+000 1.7715625422238372e+002
    -1.4727529419504495e+002 8.5206251260352269e+002
    6.9072644662454907e-001 5.3011260225528833e-001
    1.5203740241660977e+000 2.6632042280327323e+002
    -1.1474601276093749e+002 8.0374043424911963e+002
    6.6336256139971739e-001 3.6577144250001020e-001
    1.5433586027461184e+000 3.3033042744872250e+002
    -1.6171806932430732e+002 1.0782551983521171e+003
    1.9369981677940698e-001 2.2658627587603639e-001
    1.5488213131383342e+000 2.2425042694766796e+002
    -2.2867593273310078e+002 1.2046161583142352e+003
    2.7085741350382514e-001 1.1581457845439208e-001
    1.5204655990333076e+000 1.7695711774894554e+002
    -3.8042787655119719e+002 1.3682234724519762e+003
    4.8036174682686795e-003 2.2499543592751550e-001
    1.5478325628999872e+000 1.6735749800484484e+002
    -1.7870537752078701e+002 1.1960791793050869e+003
    4.2253337777359351e-003 6.9509142309452918e-002
    1.5668371282397320e+000 1.4683867437716162e+002
    -1.1766646089905190e+002 9.4482142082163637e+002
    8.4033601618325821e-002 1.1550520701070038e-001
    1.6156927297487704e+000 1.4331504961653167e+002
    -8.0860932147815632e+001 7.8335177130051511e+002
    1.4665206063133751e-001 1.7392491561295523e-001
    1.6125015762881094e+000 -5.9514940476152411e+001
    -1.3039702363147705e+002 8.1486648203615948e+002
    4.0068128610716719e-001 2.4278375730688628e-001
    1.5947502195099985e+000 -1.8838013540433556e+002
    -1.3587264330405819e+002 9.8729595782428976e+002
    -5.9155863466848402e-001 -1.0900906790226145e-001
    1.4093773187179832e+000 -1.1710161605509478e+002
    -1.5258049875401380e+002 1.1963238438112164e+003
    -6.2267239140846675e-001 3.3522612682777553e-001
    1.3340386625305194e+000 -3.8696138771263726e+001
    -9.5341620352543117e+001 1.1203512841520956e+003
    -3.8259431984046510e-001 4.1232807402548494e-001
    1.5194311277148211e+000 7.2791436245089386e+001
    -1.0228116599857877e+002 1.1462407104698555e+003
    3.5309732265159194e-001 2.7956000701351791e-002
    1.4814570380418295e+000 1.3826813763121342e+002
    -2.8410971059992335e+002 1.2312486083595561e+003
    6.6711620660405924e-001 2.9871624474453455e-002
    1.4365792659029957e+000 2.5269010793768911e+002
    -3.0281389529127352e+002 1.1510620464097915e+003
    2.3834601798617713e-001 3.1431716385499053e-001
    1.5607479846508499e+000 3.8897212879629916e+002
    -2.7612092069517070e+002 1.0481332298690008e+003
    4.0183857618092717e-001 3.4675181996092541e-001
    1.5292907902510398e+000 3.7358137998320751e+002
    -2.0582522979139068e+002 9.6784163123907751e+002
    -5.5922997874534730e-001 5.7525000310834107e-001
    1.4474456165733018e+000 1.7672312789601432e+002
    -6.1273829529081524e+001 1.1072458897894328e+003
    2.8333867173060939e-001 -3.1570088736169399e-002
    1.5558119598153970e+000 1.5119118257754170e+002
    -1.8641345871088930e+002 1.0969833588037391e+003
    4.5273773493701275e-001 -1.8449443600735310e-001
    1.3762489334302435e+000 7.6543743642146922e+001
    -2.8172977527887116e+002 9.7508362980230913e+002
    -1.0647829864882247e-001 -2.8287514054198343e-001
    8.3335892666519240e-001 -1.6312293986403898e+002
    -3.3859659395797780e+002 1.1543598812057055e+003
    5.8223934476613427e-002 1.5542810269155920e-002
    1.8647467608886542e-001 -1.4628671265107744e+002
    -1.5942978319313335e+002 1.0228120785064617e+003
    4.0086009291300129e-001 1.4538740614157836e-001
    3.9686515911221298e-002 -1.2666489208349545e+002
    -1.0433988687103499e+002 9.2951500578053526e+002
    1.9943892488941178e-001 1.7530200142868227e-001
    1.0367302434797288e+000 4.9329293024839366e+001
    -2.4453309473907055e+002 8.5851171091593324e+002
    2.5825264237784673e-001 2.4800874302085416e-001
    1.1423055344793505e+000 1.7406552313351568e+002
    -2.3016062670317800e+002 8.3424112340800798e+002
    2.0520629507156024e-002 2.7009499856180119e-001
    2.3402797013321441e-001 -8.1924291583842859e+001
    -1.9440900478601233e+002 1.0075795151244852e+003</data></Extrinsic_Parameters>
