<?xml version="1.0"?>
<opencv_storage>
<calibration_Time>"08/05/13 21:26:56"</calibration_Time>
<nrOfFrames>39</nrOfFrames>
<image_Width>640</image_Width>
<image_Height>480</image_Height>
<board_Width>4</board_Width>
<board_Height>11</board_Height>
<square_Size>1.7700000762939453e+001</square_Size>
<FixAspectRatio>1.</FixAspectRatio>
<!-- flags:  +fix_aspectRatio +fix_principal_point +zero_tangent_dist -->
<flagValue>14</flagValue>
<Camera_Matrix type_id="opencv-matrix">
  <rows>3</rows>
  <cols>3</cols>
  <dt>d</dt>
  <data>
    7.1038489099315427e+002 0. 3.1950000000000000e+002 0.
    7.1038489099315427e+002 2.3950000000000000e+002 0. 0. 1.</data></Camera_Matrix>
<Distortion_Coefficients type_id="opencv-matrix">
  <rows>5</rows>
  <cols>1</cols>
  <dt>d</dt>
  <data>
    -7.9668745150260928e-002 -6.7760554058185776e-002 0. 0.
    3.1519892881528411e-001</data></Distortion_Coefficients>
<Avg_Reprojection_Error>1.8594348330708704e-001</Avg_Reprojection_Error>
<Per_View_Reprojection_Errors type_id="opencv-matrix">
  <rows>39</rows>
  <cols>1</cols>
  <dt>f</dt>
  <data>
    2.20282674e-001 2.72392660e-001 2.29113653e-001 2.00608596e-001
    1.71886161e-001 1.65180951e-001 1.62995443e-001 1.65788338e-001
    1.91792980e-001 1.84650257e-001 2.04716936e-001 1.74453422e-001
    1.97945625e-001 1.79089904e-001 1.44339412e-001 1.68066010e-001
    1.96413815e-001 1.96921274e-001 2.36058414e-001 2.05252811e-001
    2.28356674e-001 1.68818817e-001 2.02654645e-001 1.72827408e-001
    2.23815620e-001 1.59242168e-001 1.76259115e-001 1.87348664e-001
    1.81566313e-001 1.81711450e-001 1.93830535e-001 1.52774826e-001
    1.41030163e-001 1.22478381e-001 1.79088786e-001 1.55783847e-001
    1.28096774e-001 1.84710294e-001 1.46482483e-001</data></Per_View_Reprojection_Errors>
<!-- a set of 6-tuples (rotation vector + translation vector) for each view -->
<Extrinsic_Parameters type_id="opencv-matrix">
  <rows>39</rows>
  <cols>6</cols>
  <dt>d</dt>
  <data>
    1.3947795616252326e-001 -1.3491781410127388e-001
    -3.1139272176590356e+000 -3.3667757394078009e+001
    1.1064880998933494e+002 3.9671723540801321e+002
    1.6357375789048953e-001 -1.8107478374620206e-001
    -3.1105155538429230e+000 -3.2783001610579426e+001
    1.1210694559704058e+002 4.0356758419707234e+002
    1.7109443372236283e-001 -2.0834807283514670e-001
    -3.1237028790248340e+000 -2.6025587489896878e+001
    1.1869235285656821e+002 4.0896312978212922e+002
    7.0204001528466051e-002 -2.0798862405756097e-001
    -3.0715529992892283e+000 7.8206377608315933e+001
    1.3388534863246326e+002 4.1745771520038812e+002
    -1.8821836044974900e-002 -1.7473342943291512e-001
    -3.0773460074560912e+000 1.5877061823971329e+002
    1.2408507305714086e+002 4.1665713717189340e+002
    -3.2459828467558106e-002 -1.3983062187721537e-001
    -3.0807026008630842e+000 1.6135467334187084e+002
    9.9858516393515458e+001 4.1429680881895030e+002
    -5.2853484539205221e-002 -9.0439981240338155e-002
    -3.0918411800130436e+000 1.5676381937232173e+002
    5.5213997005444959e+001 4.1605254358959218e+002
    -2.0308994053610981e-003 -9.5082298988441297e-002
    -3.1389754460900954e+000 1.0618843954187072e+002
    5.3951850382092225e+001 4.1836803837850243e+002
    2.3992676382090714e-002 -6.0913630528971648e-002
    -3.1220723348775699e+000 3.5620381277293390e+001
    5.2529366085186226e+001 4.1882748860433043e+002
    6.2757527526809256e-002 -6.5465159326457925e-002
    -3.1249378385940769e+000 -3.3558764087828251e+001
    5.0705122550534348e+001 4.2305936004368851e+002
    -6.6204460389571188e-002 1.4464802256940221e-001
    3.1244620615216259e+000 -3.6284132805030389e+001
    8.2442124890076926e+001 4.3964546808875241e+002
    -8.8248942139143749e-002 1.8856382580060951e-001
    3.1013000342458361e+000 -5.2953520402265333e+001
    1.0713638410827167e+002 4.5575483305774225e+002
    -4.2303460658164739e-002 1.9199755410946207e-001
    3.1126157608986169e+000 3.7075569074861733e+001
    9.7173187865755978e+001 4.6254016421719359e+002
    -4.0061729117215278e-003 -1.7586092336111453e-001
    -3.0996396029661528e+000 1.3281877276066930e+002
    9.8465195272262321e+001 4.5474775072826452e+002
    -1.9530801799314351e-002 -1.9553319450076262e-001
    -3.0874294312734025e+000 1.7632757706874366e+002
    1.0590206289137855e+002 4.4867571206986719e+002
    8.3236786317820985e-002 2.2558172888667194e-001
    3.0175297326242649e+000 1.8483825928418005e+002
    8.1852861801855141e+001 4.4632153010140019e+002
    4.9920853201378734e-002 1.5486260399705945e-001
    2.5398942480209650e+000 1.1679033109150177e+002
    1.8607465869280759e+001 4.5663814537510791e+002
    5.5025502954370101e-002 6.0307711042555757e-002
    2.0326929645688212e+000 7.4528642905077490e+001
    -1.1697419521673618e+001 4.2860593910519526e+002
    1.0582241368607583e-001 -1.2069274663819568e-001
    1.6337699280948104e+000 1.9479043248004146e+001
    -9.2368812911631125e+001 3.9838834674992694e+002
    6.1676646431103536e-002 -8.3954255699011410e-002
    1.5949656951474875e+000 2.3620359830388683e+001
    -5.1824213645932907e+001 4.0476470896847377e+002
    5.7164941943236618e-002 -7.1010606839734092e-002
    1.5781598477331391e+000 5.1505997471956654e+001
    1.9112525441650372e+000 4.1515519754916005e+002
    1.6090184418907227e-001 7.6702204209651237e-002
    1.5390722425220575e+000 1.6496370686450393e+002
    5.1646860677534416e+000 4.1217232464136953e+002
    1.7056668481546022e-001 4.7384590989854043e-002
    1.5665606219048973e+000 1.5893012222731016e+002
    -5.1335937788783852e+001 4.0138125859218758e+002
    1.7291641273909930e-001 2.0598483605957774e-002
    1.5888775843577769e+000 1.6205130178910773e+002
    -1.1458255072069025e+002 3.8993428766481452e+002
    1.0150939999508819e-001 -1.2434899998307823e-002
    1.5499555492168433e+000 8.1976705495415956e+001
    -8.0028223382216936e+001 5.0029170413809567e+002
    1.7149434063496030e-001 1.4718146113520714e-001
    1.6072826896229138e+000 3.7625640604279035e+001
    1.0646398836083513e+001 6.1813196197499360e+002
    1.5996275415490976e-001 1.1891492638686461e-001
    1.5778682787555778e+000 -8.9661859691842054e+001
    7.5210719369619710e+001 6.2074189420750849e+002
    2.2976737256547503e-001 7.4682112442225404e-002
    1.6310676726994773e+000 -7.6747513988868619e+001
    -7.4249383857887352e+001 5.9384233405190514e+002
    2.7878282667264526e-001 -1.2900391846465419e-002
    1.6417448986366829e+000 -7.3458421487900395e+001
    -1.7049060313794485e+002 5.5831268027154715e+002
    2.8027853676573783e-001 1.4340454142866324e-002
    1.6214331944237876e+000 1.9778163831726545e+001
    -1.5312265010459305e+002 5.6050613507970945e+002
    2.3502849106454940e-001 1.7683282379367518e-002
    1.5778190495245290e+000 5.3170505206254361e+001
    -8.4323017293377077e+001 5.5951937208729998e+002
    2.0417635423069849e-001 1.0774733950014348e-001
    1.4599945430924415e+000 3.1785936278824583e+001
    3.7389800340379708e+001 5.8490947100484027e+002
    1.6512972314579855e-001 1.2620468914412764e-001
    1.5173665258066420e+000 3.1792534181913005e+001
    5.9772997139253015e+001 5.8569388099438754e+002
    1.2446628954706207e-001 1.4646266008106368e-001
    1.4966973032695150e+000 1.1594818851288144e+002
    5.0457662744201343e+001 5.5900578744359882e+002
    1.4047911246206002e-001 8.8254071703278814e-002
    1.5696268505313837e+000 1.3503298868411105e+002
    -3.0036671601727722e+001 5.3960752921143057e+002
    1.3307539613538633e-001 1.9434944663430920e-002
    1.6045086087410425e+000 1.5088160327700325e+002
    -1.2560559914218491e+002 5.1490210303757760e+002
    1.4367046459224675e-001 2.0839028180587232e-002
    1.6123154236030268e+000 1.6136785543227199e+002
    -1.4443764561815291e+002 5.0501347981302683e+002
    1.4326998452095324e-001 4.1334934783177527e-002
    1.5698780543665767e+000 2.0570978231611102e+002
    -1.4183252266645880e+002 5.0190260733420587e+002
