<?xml version="1.0"?>
<opencv_storage>
<calibration_Time>"04/03/13 15:25:47"</calibration_Time>
<nrOfFrames>31</nrOfFrames>
<image_Width>640</image_Width>
<image_Height>480</image_Height>
<board_Width>9</board_Width>
<board_Height>6</board_Height>
<square_Size>26.</square_Size>
<!-- flags:  +fix_principal_point -->
<flagValue>4</flagValue>
<Camera_Matrix type_id="opencv-matrix">
  <rows>3</rows>
  <cols>3</cols>
  <dt>d</dt>
  <data>
    7.1657374105767838e+002 0. 3.1950000000000000e+002 0.
    7.1663483434692091e+002 2.3950000000000000e+002 0. 0. 1.</data></Camera_Matrix>
<Distortion_Coefficients type_id="opencv-matrix">
  <rows>5</rows>
  <cols>1</cols>
  <dt>d</dt>
  <data>
    -4.3053889703567440e-003 -1.0422816854941276e-001
    -3.4180225292619734e-003 -3.0355938954076851e-003
    3.6185154533457781e-001</data></Distortion_Coefficients>
<Avg_Reprojection_Error>2.1605237145351408e-001</Avg_Reprojection_Error>
<Per_View_Reprojection_Errors type_id="opencv-matrix">
  <rows>31</rows>
  <cols>1</cols>
  <dt>f</dt>
  <data>
    1.81399211e-001 2.11111575e-001 1.77162722e-001 2.40249246e-001
    1.74921453e-001 6.65802717e-001 1.48730665e-001 9.10823569e-002
    1.05835468e-001 1.12060219e-001 9.67737436e-002 1.01222247e-001
    1.18234925e-001 1.25396982e-001 1.54741228e-001 2.19805390e-001
    1.41219079e-001 3.01219970e-001 3.56273115e-001 1.71317220e-001
    2.23804891e-001 1.48053125e-001 1.67744115e-001 2.66121894e-001
    1.74676135e-001 1.77103490e-001 2.24698946e-001 1.11181654e-001
    1.10270932e-001 1.63052738e-001 1.71519399e-001</data></Per_View_Reprojection_Errors>
<!-- a set of 6-tuples (rotation vector + translation vector) for each view -->
<Extrinsic_Parameters type_id="opencv-matrix">
  <rows>31</rows>
  <cols>6</cols>
  <dt>d</dt>
  <data>
    -6.4625498569447451e-002 3.5061002640376621e-002
    -1.5783722953367088e+000 -1.4376260131880801e+002
    1.1779657156902981e+002 5.5151554832318459e+002
    -5.9241363547076792e-002 3.9860427512135033e-002
    -1.5789913767524766e+000 -1.9102057994218717e+002
    1.1543256795059312e+002 5.5323388056845852e+002
    -4.4793750360045181e-002 5.1382957183655632e-002
    -1.5788114624045153e+000 -2.2484970226792498e+002
    1.1002152683096517e+002 5.5207667731152844e+002
    -7.6417598419414104e-002 1.7337727068708453e-002
    -1.5792136366111014e+000 -9.4230194376512173e+001
    1.1609975472202622e+002 5.7765151767142845e+002
    -1.3262951848259899e-001 1.4215760244787859e-001
    -1.5751153820369264e+000 -7.0807672031396862e+000
    1.1478695533631709e+002 6.1560863882546221e+002
    -3.8381191473655379e-001 1.8429804263112870e-001
    -1.5406838907332050e+000 -1.2766932632554936e+002
    1.1011008107915538e+002 6.9292709321939583e+002
    -3.8793071932849989e-003 -6.1895254661526724e-003
    -1.5835060451652168e+000 -2.0826701040794671e+002
    1.0802377151195132e+002 7.5079937482820526e+002
    3.9342541862093953e-002 2.2398019023619646e-002
    -1.5798173474484625e+000 -9.6143944105459525e+001
    1.0753465230726280e+002 7.9270253768657915e+002
    -1.5541904262356132e-001 -3.4507567159133001e-002
    -2.1950110082866114e+000 3.7820083287618324e+001
    7.5868118573271516e+001 7.7981847293306794e+002
    -5.5175055271479857e-003 1.1924833061381250e-001
    -3.1266209923670680e+000 1.5604188760183519e+002
    8.8864409455618954e+001 7.8406725819822657e+002
    1.6752323275466420e-002 -3.2176107080859016e-002
    3.1298776928545480e+000 1.6025718743692710e+002
    9.1446395077531491e+001 7.8732315090345639e+002
    1.2919540585385988e-001 3.8538196242898559e-002
    2.4705967087617675e+000 2.5695779479391808e+002
    -6.4875008307594541e+001 7.2600779508959170e+002
    1.0323513409041746e-001 6.2279631367172239e-003
    1.9143878118056297e+000 1.1269442524779581e+002
    -1.2654180289944910e+002 7.2972011925825484e+002
    -1.0779168284410942e-001 4.5271341653663043e-003
    1.5538888384400016e+000 6.4168018804232190e+001
    -1.2319684941749850e+002 7.6748240224710207e+002
    -1.4904045510996972e-001 8.4947523064570679e-002
    1.8375861593763372e+000 -1.8347313090026372e+001
    -1.3248254740968042e+002 7.0919213932748494e+002
    -7.6626948560204911e-002 1.9344016044468321e-001
    2.5547209895019800e+000 5.7091919457360227e+001
    -5.0863732559897613e+001 6.6321728058467704e+002
    -2.1570929969789815e-001 1.3971395779413129e-001
    3.1063653076791731e+000 9.8712580287477500e+000
    8.6226893516350955e+001 6.3222985581181990e+002
    -8.6108740073920720e-001 -5.2424826171162484e-003
    2.9944038270840196e+000 2.8471411008933242e+001
    8.6180886844233441e+001 7.6254049410691141e+002
    -6.8806048933469732e-001 -1.3958831960785079e-001
    3.0563821669989988e+000 9.4960414151927779e+001
    8.0382089612314033e+001 8.0560370118451260e+002
    -3.7749565286587089e-001 -3.3650638260271687e-001
    -3.0835071666931761e+000 9.0761808179305319e+001
    8.6707558814036219e+001 6.4684314635204032e+002
    -7.3728775563171611e-001 -2.4120803353582920e-001
    -3.0122051866129591e+000 8.4548746539205936e+001
    9.0411853055746050e+001 5.7313663677127352e+002
    2.3487639048837927e-001 -4.0159884134271719e-002
    3.1211126974753953e+000 1.4264709791143838e+002
    9.0835688871357974e+001 5.3684834996129325e+002
    8.4265464290137892e-004 -4.2977068073426584e-002
    3.1274906118679873e+000 9.6458352590882726e+001
    8.9558596130033095e+001 5.2693464945043740e+002
    -6.6037310573001828e-002 -1.9165563386379567e-002
    3.0245059500047784e+000 8.4797253744834620e+001
    7.5983362568496617e+001 5.1564912715948253e+002
    -1.5597094519524751e-001 -1.1340996483689995e-001
    3.0020372170700713e+000 5.4086919175799736e+001
    4.7242822599259817e+001 5.7986802512432780e+002
    -1.4225567032362316e-003 1.5614898631807345e-001
    2.8618047484306519e+000 1.4930998445896359e+001
    1.4228585910281906e+001 5.2299362974029088e+002
    1.2467779454297159e-002 2.8881177130858682e-001
    2.1544663623765126e+000 1.1553112259063371e+002
    -7.6390209441974662e+001 5.4466717488457914e+002
    7.6761454839515478e-002 8.0495919971693336e-002
    1.5396766995023907e+000 8.0017538059541337e+001
    -1.2519111410794780e+002 6.5178391155477459e+002
    6.7040367428505734e-002 1.2621377411558862e-001
    1.5599454652255986e+000 8.9931572120536785e+001
    -1.2345064715402148e+002 6.5960493019750652e+002
    -6.7891111690242173e-002 -1.9556175961715074e-002
    1.5593192223135408e+000 -5.2558343526446002e+001
    -1.2309751133297465e+002 6.9756754799184193e+002
    -1.0518113908409531e-001 -1.1651860388528998e-001
    1.5560279857872075e+000 1.2659834599123803e+002
    -1.2077416397197138e+002 7.9786767978454793e+002</data></Extrinsic_Parameters>
